# Map Id	-	Smith	Armorer	Alchemist	Scholar	Guide	Tracker	Pathfinder	Sailor	Navigator	Healer	Expert Healer	Master Healer	Teacher	Instructor	Arms Master	Weapons Master	Apprentice	Mystic	Spell Master	Trader	Merchant	Scout	Herbalist	Apothecary	Tinker	Locksmith	Fool	Chimney Sweep	Porter	Quarter Master	Factor	Banker	Cook	Chef	Horseman	Bard	Enchanter	Cartographer	Wind Master	Water Master	Gate Master	Chaplain	Piper	Explorer	Pirate	Squire	Psychic	Gypsy	Negotiator	Duper	Burglar	Peasant	Serf	Tailor	Laborer	Farmer	Cooper	Potter	Weaver	Cobbler	Ditch Digger	Miller	Carpenter	Stone Cutter	Jester	Trapper	Beggar	Rustler	Hunter	Scribe	Missionary	Clerk	Guard	Follower of Baa	Noble	Gambler	Child	Counselor	Barrister	Diplomat	Fallen Wizard	Acolyte	Initiate	Prelate	Monk	Sage	Elementalist	Mage	Invoker	Antimage	Beacon Master
62	0	10	10	10	10	0	0	0	0	0	10	0	0	10	0	0	0	0	0	0	10	10	10	0	0	10	10	10	10	10	10	10	0	10	10	0	0	10	10	0	0	0	10	10	0	0	10	10	10	0	10	0	0	0	0	0	0	0	0	0	0	0	0	0	0	0	0	0	0	0	0	0	0	0	0	0	0	0	0	0	0	0	0	0	0	0	0	0	0	0	0	0
63	0	10	10	10	10	10	10	0	0	0	10	0	0	10	0	10	0	0	0	0	10	10	10	10	0	10	10	10	10	10	10	10	0	10	10	10	0	0	0	0	0	0	10	10	10	0	10	0	0	0	10	10	0	0	0	0	0	0	0	0	0	0	0	0	0	0	0	0	0	10	0	0	0	0	0	0	0	0	0	0	0	0	0	0	0	10	0	0	0	0	0	0
64	0	10	10	10	10	10	10	10	10	10	10	10	0	10	10	10	10	0	0	0	10	10	10	10	10	10	10	10	10	10	10	10	10	10	10	10	0	0	0	0	0	0	10	10	10	10	10	10	10	0	10	10	0	0	0	0	0	0	0	0	0	0	0	0	0	0	0	0	0	10	0	0	0	0	0	0	0	0	0	0	0	0	10	10	10	10	10	0	0	0	0	0
65	0	10	10	10	0	10	10	10	10	10	10	10	0	10	10	10	0	0	0	0	10	10	10	10	0	10	10	0	10	10	10	10	10	10	10	10	0	10	10	10	10	10	0	0	10	10	10	10	10	0	10	10	0	0	0	0	0	0	0	0	0	0	0	0	0	0	0	0	0	10	0	0	0	0	0	0	0	0	0	0	0	0	0	0	0	0	10	10	10	10	0	0
66	0	10	10	10	10	10	10	10	0	0	10	10	10	10	10	10	10	0	0	0	10	10	10	10	10	10	10	10	10	10	10	10	10	10	10	10	0	10	10	10	10	10	10	10	0	0	10	10	10	0	10	10	0	0	0	0	0	0	0	0	0	0	0	0	0	0	0	0	0	0	0	0	0	0	0	0	0	0	0	0	0	10	10	10	10	0	10	10	10	10	0	0
67	0	10	10	10	10	10	10	10	10	10	10	10	10	10	10	10	10	0	0	0	10	10	10	10	10	10	10	10	10	10	10	10	10	10	10	10	0	10	10	10	10	10	10	10	10	10	10	10	10	0	10	10	0	0	0	0	0	0	0	0	0	0	0	0	0	0	0	0	0	10	0	0	0	0	0	0	0	0	0	0	0	0	10	10	10	10	10	10	10	10	0	0
68	0	0	0	0	10	0	0	0	10	10	10	0	0	10	10	10	10	0	0	0	10	10	10	10	10	10	10	10	10	10	10	10	10	10	10	0	0	10	10	0	0	0	10	10	10	10	10	10	10	0	10	10	0	0	0	0	0	0	0	0	0	0	0	0	0	0	0	0	0	10	0	0	0	0	0	0	0	0	0	0	0	10	10	10	10	10	10	10	10	10	0	0
69	0	0	0	10	10	0	0	0	0	0	10	10	10	10	10	10	10	0	0	0	10	10	10	10	10	10	10	0	0	10	10	10	10	0	0	0	0	10	10	10	10	10	10	10	0	0	10	10	10	0	10	10	0	0	0	0	0	0	0	0	0	0	0	0	0	0	0	0	0	10	0	0	0	0	0	0	0	0	0	0	0	10	10	10	10	10	10	10	10	10	0	0
70	0	10	10	10	10	10	10	10	10	10	10	10	10	10	10	10	10	0	0	0	10	10	10	10	10	10	10	10	10	10	10	10	10	10	10	0	0	10	10	10	10	10	10	10	10	10	10	10	10	0	10	10	0	0	0	0	0	0	0	0	0	0	0	0	0	0	0	0	0	10	0	0	0	0	0	0	0	0	0	0	0	0	10	10	10	10	10	10	10	10	0	0
71	0	10	10	10	10	10	10	10	0	0	10	10	10	10	10	10	10	0	0	0	10	10	10	10	10	10	10	10	10	10	10	10	10	10	10	0	0	10	10	10	10	10	10	10	0	0	10	10	10	0	10	10	0	0	0	0	0	0	0	0	0	0	0	0	0	0	0	0	0	10	0	0	0	0	0	0	0	0	0	0	0	0	10	10	10	10	10	10	10	10	0	0
72	0	10	10	10	10	10	10	10	10	10	10	10	0	10	10	10	10	0	0	0	10	10	10	10	10	10	10	10	10	10	10	10	10	10	10	10	0	0	0	0	0	0	10	10	10	10	10	10	10	0	10	10	0	0	0	0	0	0	0	0	0	0	0	0	0	0	0	0	0	10	0	0	0	0	0	0	0	0	0	0	0	0	10	10	10	10	10	0	0	0	0	0
73	0	10	10	10	0	10	10	10	10	10	10	10	0	10	10	10	0	0	0	0	10	10	10	10	0	10	10	0	10	10	10	10	10	10	10	10	0	10	10	10	10	10	0	0	10	10	10	10	10	0	10	10	0	0	0	0	0	0	0	0	0	0	0	0	0	0	0	0	0	10	0	0	0	0	0	0	0	0	0	0	0	0	0	0	0	0	10	10	10	10	0	0
74	0	10	10	10	10	10	10	10	10	10	10	10	10	10	10	10	10	0	0	0	10	10	10	10	10	10	10	10	10	10	10	10	10	10	10	10	0	10	10	10	10	10	10	10	10	10	10	10	10	0	10	10	0	0	0	0	0	0	0	0	0	0	0	0	0	0	0	0	0	10	0	0	0	0	0	0	0	0	0	0	0	10	10	10	10	10	10	10	10	10	0	0
75	0	10	10	10	10	10	10	10	10	10	10	10	10	10	10	10	10	0	0	0	10	10	10	10	10	10	10	10	10	10	10	10	10	10	10	10	0	10	10	10	10	10	10	10	10	10	10	10	10	0	10	10	0	0	0	0	0	0	0	0	0	0	0	0	0	0	0	0	0	10	0	0	0	0	0	0	0	0	0	0	0	10	10	10	10	10	10	10	10	10	0	0
76	0	10	10	10	10	10	10	10	10	10	10	10	10	10	10	10	10	0	0	0	10	10	10	10	10	10	10	10	10	10	10	10	10	10	10	10	0	10	10	10	10	10	10	10	10	10	10	10	10	0	10	10	0	0	0	0	0	0	0	0	0	0	0	0	0	0	0	0	0	10	0	0	0	0	0	0	0	0	0	0	0	10	10	10	10	10	10	10	10	10	0	0
77	0	10	10	10	10	10	10	10	10	10	10	10	10	10	10	10	10	0	0	0	10	10	10	10	10	10	10	10	10	10	10	10	10	10	10	10	0	10	10	10	10	10	10	10	10	10	10	10	10	0	10	10	0	0	0	0	0	0	0	0	0	0	0	0	0	0	0	0	0	10	0	0	0	0	0	0	0	0	0	0	0	10	10	10	10	10	10	10	10	10	0	0
78	0	10	10	10	10	10	10	10	10	10	10	10	10	10	10	10	10	0	0	0	10	10	10	10	10	10	10	10	10	10	10	10	10	10	10	10	0	10	10	10	10	10	10	10	10	10	10	10	10	0	10	10	0	0	0	0	0	0	0	0	0	0	0	0	0	0	0	0	0	10	0	0	0	0	0	0	0	0	0	0	0	10	10	10	10	10	10	10	10	10	0	0
79	0	10	10	10	10	10	10	10	10	10	10	10	10	10	10	10	10	0	0	0	10	10	10	10	10	10	10	10	10	10	10	10	10	10	10	10	0	10	10	10	10	10	10	10	10	10	10	10	10	0	10	10	0	0	0	0	0	0	0	0	0	0	0	0	0	0	0	0	0	10	0	0	0	0	0	0	0	0	0	0	0	10	10	10	10	10	10	10	10	10	0	0
80	0	10	10	10	10	10	10	10	10	10	10	10	10	10	10	10	10	0	0	0	10	10	10	10	10	10	10	10	10	10	10	10	10	10	10	10	0	10	10	10	10	10	10	10	10	10	10	10	10	0	10	10	0	0	0	0	0	0	0	0	0	0	0	0	0	0	0	0	0	10	0	0	0	0	0	0	0	0	0	0	0	10	10	10	10	10	10	10	10	10	0	0
81	0	10	10	10	10	10	10	10	10	10	10	10	10	10	10	10	10	0	0	0	10	10	10	10	10	10	10	10	10	10	10	10	10	10	10	10	0	10	10	10	10	10	10	10	10	10	10	10	10	0	10	10	0	0	0	0	0	0	0	0	0	0	0	0	0	0	0	0	0	10	0	0	0	0	0	0	0	0	0	0	0	10	10	10	10	10	10	10	10	10	0	0
82	0	10	10	10	10	10	10	10	10	10	10	10	10	10	10	10	10	0	0	0	10	10	10	10	10	10	10	10	10	10	10	10	10	10	10	10	0	10	10	10	10	10	10	10	10	10	10	10	10	0	10	10	0	0	0	0	0	0	0	0	0	0	0	0	0	0	0	0	0	10	0	0	0	0	0	0	0	0	0	0	0	10	10	10	10	10	10	10	10	10	0	0
83	0	10	10	10	10	10	10	10	10	10	10	10	10	10	10	10	10	0	0	0	10	10	10	10	10	10	10	10	10	10	10	10	10	10	10	10	0	10	10	10	10	10	10	10	10	10	10	10	10	0	10	10	0	0	0	0	0	0	0	0	0	0	0	0	0	0	0	0	0	10	0	0	0	0	0	0	0	0	0	0	0	10	10	10	10	10	10	10	10	10	0	0
84	0	10	10	10	10	10	10	10	10	10	10	10	10	10	10	10	10	0	0	0	10	10	10	10	10	10	10	10	10	10	10	10	10	10	10	10	0	10	10	10	10	10	10	10	10	10	10	10	10	0	10	10	0	0	0	0	0	0	0	0	0	0	0	0	0	0	0	0	0	10	0	0	0	0	0	0	0	0	0	0	0	10	10	10	10	10	10	10	10	10	0	0
85	0	10	10	10	10	10	10	10	10	10	10	10	10	10	10	10	10	0	0	0	10	10	10	10	10	10	10	10	10	10	10	10	10	10	10	10	0	10	10	10	10	10	10	10	10	10	10	10	10	0	10	10	0	0	0	0	0	0	0	0	0	0	0	0	0	0	0	0	0	10	0	0	0	0	0	0	0	0	0	0	0	10	10	10	10	10	10	10	10	10	0	0
86	0	10	10	10	10	10	10	10	10	10	10	10	10	10	10	10	10	0	0	0	10	10	10	10	10	10	10	10	10	10	10	10	10	10	10	10	0	10	10	10	10	10	10	10	10	10	10	10	10	0	10	10	0	0	0	0	0	0	0	0	0	0	0	0	0	0	0	0	0	10	0	0	0	0	0	0	0	0	0	0	0	10	10	10	10	10	10	10	10	10	0	0
87	0	10	10	10	10	10	10	10	10	10	10	10	10	10	10	10	10	0	0	0	10	10	10	10	10	10	10	10	10	10	10	10	10	10	10	10	0	10	10	10	10	10	10	10	10	10	10	10	10	0	10	10	0	0	0	0	0	0	0	0	0	0	0	0	0	0	0	0	0	10	0	0	0	0	0	0	0	0	0	0	0	10	10	10	10	10	10	10	10	10	0	0
88	0	10	10	10	10	10	10	10	10	10	10	10	10	10	10	10	10	0	0	0	10	10	10	10	10	10	10	10	10	10	10	10	10	10	10	10	0	10	10	10	10	10	10	10	10	10	10	10	10	0	10	10	0	0	0	0	0	0	0	0	0	0	0	0	0	0	0	0	0	10	0	0	0	0	0	0	0	0	0	0	0	10	10	10	10	10	10	10	10	10	0	0
89	0	10	10	10	10	10	10	10	10	10	10	10	10	10	10	10	10	0	0	0	10	10	10	10	10	10	10	10	10	10	10	10	10	10	10	10	0	10	10	10	10	10	10	10	10	10	10	10	10	0	10	10	0	0	0	0	0	0	0	0	0	0	0	0	0	0	0	0	0	10	0	0	0	0	0	0	0	0	0	0	0	10	10	10	10	10	10	10	10	10	0	0
90	0	10	10	10	10	10	10	10	10	10	10	10	10	10	10	10	10	0	0	0	10	10	10	10	10	10	10	10	10	10	10	10	10	10	10	10	0	10	10	10	10	10	10	10	10	10	10	10	10	0	10	10	0	0	0	0	0	0	0	0	0	0	0	0	0	0	0	0	0	10	0	0	0	0	0	0	0	0	0	0	0	10	10	10	10	10	10	10	10	10	0	0
91	0	10	10	10	10	10	10	10	10	10	10	10	10	10	10	10	10	0	0	0	10	10	10	10	10	10	10	10	10	10	10	10	10	10	10	10	0	10	10	10	10	10	10	10	10	10	10	10	10	0	10	10	0	0	0	0	0	0	0	0	0	0	0	0	0	0	0	0	0	10	0	0	0	0	0	0	0	0	0	0	0	10	10	10	10	10	10	10	10	10	0	0
92	0	10	10	10	10	10	10	10	10	10	10	10	10	10	10	10	10	0	0	0	10	10	10	10	10	10	10	10	10	10	10	10	10	10	10	10	0	10	10	10	10	10	10	10	10	10	10	10	10	0	10	10	0	0	0	0	0	0	0	0	0	0	0	0	0	0	0	0	0	10	0	0	0	0	0	0	0	0	0	0	0	10	10	10	10	10	10	10	10	10	0	0
93	0	10	10	10	10	10	10	10	10	10	10	10	10	10	10	10	10	0	0	0	10	10	10	10	10	10	10	10	10	10	10	10	10	10	10	10	0	10	10	10	10	10	10	10	10	10	10	10	10	0	10	10	0	0	0	0	0	0	0	0	0	0	0	0	0	0	0	0	0	10	0	0	0	0	0	0	0	0	0	0	0	10	10	10	10	10	10	10	10	10	0	0
94	0	10	10	10	10	10	10	10	10	10	10	10	10	10	10	10	10	0	0	0	10	10	10	10	10	10	10	10	10	10	10	10	10	10	10	10	0	10	10	10	10	10	10	10	10	10	10	10	10	0	10	10	0	0	0	0	0	0	0	0	0	0	0	0	0	0	0	0	0	10	0	0	0	0	0	0	0	0	0	0	0	10	10	10	10	10	10	10	10	10	0	0
95	0	10	10	10	10	10	10	10	10	10	10	10	10	10	10	10	10	0	0	0	10	10	10	10	10	10	10	10	10	10	10	10	10	10	10	10	0	10	10	10	10	10	10	10	10	10	10	10	10	0	10	10	0	0	0	0	0	0	0	0	0	0	0	0	0	0	0	0	0	10	0	0	0	0	0	0	0	0	0	0	0	10	10	10	10	10	10	10	10	10	0	0
96	0	10	10	10	10	10	10	10	10	10	10	10	10	10	10	10	10	0	0	0	10	10	10	10	10	10	10	10	10	10	10	10	10	10	10	10	0	10	10	10	10	10	10	10	10	10	10	10	10	0	10	10	0	0	0	0	0	0	0	0	0	0	0	0	0	0	0	0	0	10	0	0	0	0	0	0	0	0	0	0	0	10	10	10	10	10	10	10	10	10	0	0
97	0	10	10	10	10	10	10	10	10	10	10	10	10	10	10	10	10	0	0	0	10	10	10	10	10	10	10	10	10	10	10	10	10	10	10	10	0	10	10	10	10	10	10	10	10	10	10	10	10	0	10	10	0	0	0	0	0	0	0	0	0	0	0	0	0	0	0	0	0	10	0	0	0	0	0	0	0	0	0	0	0	10	10	10	10	10	10	10	10	10	0	0
98	0	10	10	10	10	10	10	10	0	0	10	10	0	10	10	10	10	0	0	0	10	10	10	10	10	10	10	10	0	10	10	10	10	10	10	0	0	10	10	0	0	10	10	10	0	0	10	10	10	0	10	10	0	0	0	0	0	0	0	0	0	0	0	0	0	0	0	0	0	0	0	0	0	0	0	0	0	0	0	0	0	10	0	0	0	0	0	0	0	0	0	0
99	0	10	10	10	10	0	0	0	0	0	0	0	10	0	10	0	10	0	0	0	0	10	10	0	10	0	10	0	10	0	10	0	10	0	10	0	0	10	0	10	10	10	10	10	0	0	10	10	10	0	10	0	0	0	0	0	0	0	0	0	0	0	0	0	0	0	0	0	0	10	0	0	0	0	0	0	0	0	0	0	0	0	0	0	10	10	10	0	0	10	0	0
100	0	10	10	10	10	0	0	0	0	0	0	0	10	0	10	0	10	0	0	0	0	10	10	0	10	0	10	0	10	0	10	0	10	0	10	0	0	10	0	10	10	10	10	10	0	0	10	10	10	0	10	10	0	0	0	0	0	0	0	0	0	0	0	0	0	0	0	0	0	10	0	0	0	0	0	0	0	0	0	0	0	10	0	0	10	10	10	0	0	10	0	0
101	0	10	10	10	10	10	10	10	10	10	10	10	10	10	10	10	10	0	0	0	10	10	10	10	10	10	10	10	10	10	10	10	10	10	10	10	0	10	10	10	10	10	10	10	10	10	10	10	10	0	10	10	0	0	0	0	0	0	0	0	0	0	0	0	0	0	0	0	0	10	0	0	0	0	0	0	0	0	0	0	0	10	10	10	10	10	10	10	10	10	0	0
102	0	10	10	10	10	10	10	10	10	10	10	10	10	10	10	10	10	0	0	0	10	10	10	10	10	10	10	10	10	10	10	10	10	10	10	10	0	10	10	10	10	10	10	10	10	10	10	10	10	0	10	10	0	0	0	0	0	0	0	0	0	0	0	0	0	0	0	0	0	10	0	0	0	0	0	0	0	0	0	0	0	10	10	10	10	10	10	10	10	10	0	0
103	0	10	10	10	10	10	10	10	10	10	10	10	10	10	10	10	10	0	0	0	10	10	10	10	10	10	10	10	10	10	10	10	10	10	10	10	0	10	10	10	10	10	10	10	10	10	10	10	10	0	10	10	0	0	0	0	0	0	0	0	0	0	0	0	0	0	0	0	0	10	0	0	0	0	0	0	0	0	0	0	0	10	10	10	10	10	10	10	10	10	0	0
104	0	10	10	10	10	10	10	10	10	10	10	10	10	10	10	10	10	0	0	0	10	10	10	10	10	10	10	10	10	10	10	10	10	10	10	10	0	10	10	10	10	10	10	10	10	10	10	10	10	0	10	10	0	0	0	0	0	0	0	0	0	0	0	0	0	0	0	0	0	10	0	0	0	0	0	0	0	0	0	0	0	10	10	10	10	10	10	10	10	10	0	0
105	0	10	10	10	10	10	10	10	10	10	10	10	10	10	10	10	10	0	0	0	10	10	10	10	10	10	10	10	10	10	10	10	10	10	10	10	0	10	10	10	10	10	10	10	10	10	10	10	10	0	10	10	0	0	0	0	0	0	0	0	0	0	0	0	0	0	0	0	0	10	0	0	0	0	0	0	0	0	0	0	0	10	10	10	10	10	10	10	10	10	0	0
106	0	10	10	10	10	10	10	10	10	10	10	10	10	10	10	10	10	0	0	0	10	10	10	10	10	10	10	10	10	10	10	10	10	10	10	10	0	10	10	10	10	10	10	10	10	10	10	10	10	0	10	10	0	0	0	0	0	0	0	0	0	0	0	0	0	0	0	0	0	10	0	0	0	0	0	0	0	0	0	0	0	10	10	10	10	10	10	10	10	10	0	0
107	0	10	10	10	10	10	10	10	10	10	10	10	10	10	10	10	10	0	0	0	10	10	10	10	10	10	10	10	10	10	10	10	10	10	10	10	0	10	10	10	10	10	10	10	10	10	10	10	10	0	10	10	0	0	0	0	0	0	0	0	0	0	0	0	0	0	0	0	0	10	0	0	0	0	0	0	0	0	0	0	0	10	10	10	10	10	10	10	10	10	0	0
108	0	10	10	10	10	10	10	10	10	10	10	10	10	10	10	10	10	0	0	0	10	10	10	10	10	10	10	10	10	10	10	10	10	10	10	10	0	10	10	10	10	10	10	10	10	10	10	10	10	0	10	10	0	0	0	0	0	0	0	0	0	0	0	0	0	0	0	0	0	10	0	0	0	0	0	0	0	0	0	0	0	10	10	10	10	10	10	10	10	10	0	0
109	0	10	10	10	10	10	10	10	10	10	10	10	10	10	10	10	10	0	0	0	10	10	10	10	10	10	10	10	10	10	10	10	10	10	10	10	0	10	10	10	10	10	10	10	10	10	10	10	10	0	10	10	0	0	0	0	0	0	0	0	0	0	0	0	0	0	0	0	0	10	0	0	0	0	0	0	0	0	0	0	0	10	10	10	10	10	10	10	10	10	0	0
110	0	10	10	10	10	10	10	10	10	10	10	10	10	10	10	10	10	0	0	0	10	10	10	10	10	10	10	10	10	10	10	10	10	10	10	10	0	10	10	10	10	10	10	10	10	10	10	10	10	0	10	10	0	0	0	0	0	0	0	0	0	0	0	0	0	0	0	0	0	10	0	0	0	0	0	0	0	0	0	0	0	10	10	10	10	10	10	10	10	10	0	0
111	0	10	10	10	10	10	10	10	10	10	10	10	10	10	10	10	10	0	0	0	10	10	10	10	10	10	10	10	10	10	10	10	10	10	10	10	0	10	10	10	10	10	10	10	10	10	10	10	10	0	10	10	0	0	0	0	0	0	0	0	0	0	0	0	0	0	0	0	0	10	0	0	0	0	0	0	0	0	0	0	0	10	10	10	10	10	10	10	10	10	0	0
112	0	10	10	10	10	10	10	10	10	10	10	10	10	10	10	10	10	0	0	0	10	10	10	10	10	10	10	10	10	10	10	10	10	10	10	10	0	10	10	10	10	10	10	10	10	10	10	10	10	0	10	10	0	0	0	0	0	0	0	0	0	0	0	0	0	0	0	0	0	10	0	0	0	0	0	0	0	0	0	0	0	10	10	10	10	10	10	10	10	10	0	0
113	0	10	10	10	10	10	10	10	10	10	10	10	10	10	10	10	10	0	0	0	10	10	10	10	10	10	10	10	10	10	10	10	10	10	10	10	0	10	10	10	10	10	10	10	10	10	10	10	10	0	10	10	0	0	0	0	0	0	0	0	0	0	0	0	0	0	0	0	0	10	0	0	0	0	0	0	0	0	0	0	0	10	10	10	10	10	10	10	10	10	0	0
114	0	10	10	10	10	10	10	10	10	10	10	10	10	10	10	10	10	0	0	0	10	10	10	10	10	10	10	10	10	10	10	10	10	10	10	10	0	10	10	10	10	10	10	10	10	10	10	10	10	0	10	10	0	0	0	0	0	0	0	0	0	0	0	0	0	0	0	0	0	10	0	0	0	0	0	0	0	0	0	0	0	10	10	10	10	10	10	10	10	10	0	0
115	0	10	10	10	10	10	10	10	10	10	10	10	10	10	10	10	10	0	0	0	10	10	10	10	10	10	10	10	10	10	10	10	10	10	10	10	0	10	10	10	10	10	10	10	10	10	10	10	10	0	10	10	0	0	0	0	0	0	0	0	0	0	0	0	0	0	0	0	0	10	0	0	0	0	0	0	0	0	0	0	0	10	10	10	10	10	10	10	10	10	0	0
116	0	10	10	10	10	10	10	10	10	10	10	10	10	10	10	10	10	0	0	0	10	10	10	10	10	10	10	10	10	10	10	10	10	10	10	10	0	10	10	10	10	10	10	10	10	10	10	10	10	0	10	10	0	0	0	0	0	0	0	0	0	0	0	0	0	0	0	0	0	10	0	0	0	0	0	0	0	0	0	0	0	10	10	10	10	10	10	10	10	10	0	0
117	0	10	10	10	10	10	10	10	10	10	10	10	10	10	10	10	10	0	0	0	10	10	10	10	10	10	10	10	10	10	10	10	10	10	10	10	0	10	10	10	10	10	10	10	10	10	10	10	10	0	10	10	0	0	0	0	0	0	0	0	0	0	0	0	0	0	0	0	0	10	0	0	0	0	0	0	0	0	0	0	0	10	10	10	10	10	10	10	10	10	0	0
118	0	10	10	10	10	10	10	10	10	10	10	10	10	10	10	10	10	0	0	0	10	10	10	10	10	10	10	10	10	10	10	10	10	10	10	10	0	10	10	10	10	10	10	10	10	10	10	10	10	0	10	10	0	0	0	0	0	0	0	0	0	0	0	0	0	0	0	0	0	10	0	0	0	0	0	0	0	0	0	0	0	10	10	10	10	10	10	10	10	10	0	0
119	0	10	10	10	10	10	10	10	10	10	10	10	10	10	10	10	10	0	0	0	10	10	10	10	10	10	10	10	10	10	10	10	10	10	10	10	0	10	10	10	10	10	10	10	10	10	10	10	10	0	10	10	0	0	0	0	0	0	0	0	0	0	0	0	0	0	0	0	0	10	0	0	0	0	0	0	0	0	0	0	0	10	10	10	10	10	10	10	10	10	0	0
120	0	10	10	10	10	10	10	10	10	10	10	10	10	10	10	10	10	0	0	0	10	10	10	10	10	10	10	10	10	10	10	10	10	10	10	10	0	10	10	10	10	10	10	10	10	10	10	10	10	0	10	10	0	0	0	0	0	0	0	0	0	0	0	0	0	0	0	0	0	10	0	0	0	0	0	0	0	0	0	0	0	10	10	10	10	10	10	10	10	10	0	0
121	0	10	10	10	10	10	10	10	10	10	10	10	10	10	10	10	10	0	0	0	10	10	10	10	10	10	10	10	10	10	10	10	10	10	10	10	0	10	10	10	10	10	10	10	10	10	10	10	10	0	10	10	0	0	0	0	0	0	0	0	0	0	0	0	0	0	0	0	0	10	0	0	0	0	0	0	0	0	0	0	0	10	10	10	10	10	10	10	10	10	0	0
122	0	10	10	10	10	10	10	10	10	10	10	10	10	10	10	10	10	0	0	0	10	10	10	10	10	10	10	10	10	10	10	10	10	10	10	10	0	10	10	10	10	10	10	10	10	10	10	10	10	0	10	10	0	0	0	0	0	0	0	0	0	0	0	0	0	0	0	0	0	10	0	0	0	0	0	0	0	0	0	0	0	10	10	10	10	10	10	10	10	10	0	0
123	0	10	10	10	10	10	10	10	10	10	10	10	10	10	10	10	10	0	0	0	10	10	10	10	10	10	10	10	10	10	10	10	10	10	10	10	0	10	10	10	10	10	10	10	10	10	10	10	10	0	10	10	0	0	0	0	0	0	0	0	0	0	0	0	0	0	0	0	0	10	0	0	0	0	0	0	0	0	0	0	0	10	10	10	10	10	10	10	10	10	0	0
124	0	10	10	10	10	10	10	10	10	10	10	10	10	10	10	10	10	0	0	0	10	10	10	10	10	10	10	10	10	10	10	10	10	10	10	10	0	10	10	10	10	10	10	10	10	10	10	10	10	0	10	10	0	0	0	0	0	0	0	0	0	0	0	0	0	0	0	0	0	10	0	0	0	0	0	0	0	0	0	0	0	10	10	10	10	10	10	10	10	10	0	0
125	0	10	10	10	10	10	10	10	10	10	10	10	10	10	10	10	10	0	0	0	10	10	10	10	10	10	10	10	10	10	10	10	10	10	10	10	0	10	10	10	10	10	10	10	10	10	10	10	10	0	10	10	0	0	0	0	0	0	0	0	0	0	0	0	0	0	0	0	0	10	0	0	0	0	0	0	0	0	0	0	0	10	10	10	10	10	10	10	10	10	0	0
126	0	10	10	10	10	10	10	10	10	10	10	10	10	10	10	10	10	0	0	0	10	10	10	10	10	10	10	10	10	10	10	10	10	10	10	10	0	10	10	10	10	10	10	10	10	10	10	10	10	0	10	10	0	0	0	0	0	0	0	0	0	0	0	0	0	0	0	0	0	10	0	0	0	0	0	0	0	0	0	0	0	10	10	10	10	10	10	10	10	10	0	0
127	0	10	10	10	10	10	10	10	10	10	10	10	10	10	10	10	10	0	0	0	10	10	10	10	10	10	10	10	10	10	10	10	10	10	10	10	0	10	10	10	10	10	10	10	10	10	10	10	10	0	10	10	0	0	0	0	0	0	0	0	0	0	0	0	0	0	0	0	0	10	0	0	0	0	0	0	0	0	0	0	0	10	10	10	10	10	10	10	10	10	0	0
128	0	10	10	10	10	10	10	10	10	10	10	10	10	10	10	10	10	0	0	0	10	10	10	10	10	10	10	10	10	10	10	10	10	10	10	10	0	10	10	10	10	10	10	10	10	10	10	10	10	0	10	10	0	0	0	0	0	0	0	0	0	0	0	0	0	0	0	0	0	10	0	0	0	0	0	0	0	0	0	0	0	10	10	10	10	10	10	10	10	10	0	0
129	0	10	10	10	10	10	10	10	10	10	10	10	10	10	10	10	10	0	0	0	10	10	10	10	10	10	10	10	10	10	10	10	10	10	10	10	0	10	10	10	10	10	10	10	10	10	10	10	10	0	10	10	0	0	0	0	0	0	0	0	0	0	0	0	0	0	0	0	0	10	0	0	0	0	0	0	0	0	0	0	0	10	10	10	10	10	10	10	10	10	0	0
130	0	10	10	10	10	10	10	10	10	10	10	10	10	10	10	10	10	0	0	0	10	10	10	10	10	10	10	10	10	10	10	10	10	10	10	10	0	10	10	10	10	10	10	10	10	10	10	10	10	0	10	10	0	0	0	0	0	0	0	0	0	0	0	0	0	0	0	0	0	10	0	0	0	0	0	0	0	0	0	0	0	10	10	10	10	10	10	10	10	10	0	0
131	0	10	10	10	10	10	10	10	10	10	10	10	10	10	10	10	10	0	0	0	10	10	10	10	10	10	10	10	10	10	10	10	10	10	10	10	0	10	10	10	10	10	10	10	10	10	10	10	10	0	10	10	0	0	0	0	0	0	0	0	0	0	0	0	0	0	0	0	0	10	0	0	0	0	0	0	0	0	0	0	0	10	10	10	10	10	10	10	10	10	0	0
132	0	10	10	10	10	10	10	10	10	10	10	10	10	10	10	10	10	0	0	0	10	10	10	10	10	10	10	10	10	10	10	10	10	10	10	10	0	10	10	10	10	10	10	10	10	10	10	10	10	0	10	10	0	0	0	0	0	0	0	0	0	0	0	0	0	0	0	0	0	10	0	0	0	0	0	0	0	0	0	0	0	10	10	10	10	10	10	10	10	10	0	0
133	0	10	10	10	10	10	10	10	10	10	10	10	10	10	10	10	10	0	0	0	10	10	10	10	10	10	10	10	10	10	10	10	10	10	10	10	0	10	10	10	10	10	10	10	10	10	10	10	10	0	10	10	0	0	0	0	0	0	0	0	0	0	0	0	0	0	0	0	0	10	0	0	0	0	0	0	0	0	0	0	0	10	10	10	10	10	10	10	10	10	0	0
134	0	10	10	10	10	10	10	10	10	10	10	10	10	10	10	10	10	0	0	0	10	10	10	10	10	10	10	10	10	10	10	10	10	10	10	10	0	10	10	10	10	10	10	10	10	10	10	10	10	0	10	10	0	0	0	0	0	0	0	0	0	0	0	0	0	0	0	0	0	10	0	0	0	0	0	0	0	0	0	0	0	10	10	10	10	10	10	10	10	10	0	0
135	0	10	10	10	10	10	10	10	10	10	10	10	10	10	10	10	10	0	0	0	10	10	10	10	10	10	10	10	10	10	10	10	10	10	10	10	0	10	10	10	10	10	10	10	10	10	10	10	10	0	10	10	0	0	0	0	0	0	0	0	0	0	0	0	0	0	0	0	0	10	0	0	0	0	0	0	0	0	0	0	0	10	10	10	10	10	10	10	10	10	0	0
136	0	10	10	10	10	10	10	10	10	10	10	10	10	10	10	10	10	0	0	0	10	10	10	10	10	10	10	10	10	10	10	10	10	10	10	10	0	10	10	10	10	10	10	10	10	10	10	10	10	0	10	10	0	0	0	0	0	0	0	0	0	0	0	0	0	0	0	0	0	10	0	0	0	0	0	0	0	0	0	0	0	10	10	10	10	10	10	10	10	10	0	0
207	0	10	10	10	10	10	10	10	10	10	10	10	10	10	10	10	10	0	0	0	10	10	10	10	10	10	10	10	10	10	10	10	10	10	10	10	0	10	10	10	10	10	10	10	10	10	10	10	10	0	10	10	0	0	0	0	0	0	0	0	0	0	0	0	0	0	0	0	0	10	0	0	0	0	0	0	0	0	0	0	0	10	10	10	10	10	10	10	10	10	0	0
