#	Spell	ChanceBaseNormal	ChanceFactorNormal	ChanceMaxNormal	ChanceCursedNormal	ChanceBaseExpert	ChanceFactorExpert	ChanceMaxExpert	ChanceCursedExpert	ChanceBaseMaster	ChanceFactorMaster	ChanceMaxMaster	ChanceCursedMaster	ChanceBaseGM	ChanceFactorGM	ChanceMaxGM	ChanceCursedGM	ScrollChanceBaseNormal	ScrollChanceFactorNormal	ScrollChanceMaxNormal	ScrollChanceCursedNormal	ScrollChanceBaseExpert	ScrollChanceFactorExpert	ScrollChanceMaxExpert	ScrollChanceCursedExpert	ScrollChanceBaseMaster	ScrollChanceFactorMaster	ScrollChanceMaxMaster	ScrollChanceCursedMaster	ScrollChanceBaseGM	ScrollChanceFactorGM	ScrollChanceMaxGM	ScrollChanceCursedGM	DmgConstNormal	DmgConstExpert	DmgConstMaster	DmgConstGM	DmgRndNormal	DmgRndExpert	DmgRndMaster	DmgRndGM	DmgAddNormal	DmgAddExpert	DmgAddMaster	DmgAddGM	Var1	Var1Normal	Var1Expert	Var1Master	Var1GM	Var2	Var2Normal	Var2Expert	Var2Master	Var2GM	Var3	Var3Normal	Var3Expert	Var3Master	Var3GM	Var4	Var4Normal	Var4Expert	Var4Master	Var4GM	Var5	Var5Normal	Var5Expert	Var5Master	Var5GM	Var6	Var6Normal	Var6Expert	Var6Master	Var6GM
1	Torch Light	80	1	100	35	80	2	100	40	100	0	100	45	100	0	100	50	100	0	100	50	100	0	100	50	100	0	100	50	100	0	100	50	0	0	0	0	0	0	0	0	0	0	0	0	Duration	3600	3600	3600	3600	DurationConst	0	0	0	0	Power	2	3	4	4															
2	Fire Bolt	80	1	100	35	80	2	100	40	100	0	100	45	100	0	100	50	100	0	100	50	100	0	100	50	100	0	100	50	100	0	100	50	0	0	0	1	3	4	5	4	0	0	0	0																														
3	Fire Resistance	80	1	100	35	80	2	100	40	100	0	100	45	100	0	100	50	100	0	100	50	100	0	100	50	100	0	100	50	100	0	100	50	0	0	0	0	0	0	0	0	0	0	0	0	Duration	3600	3600	3600	3600	DurationConst	0	0	0	0	ResPerLevel	1	2	3	4	ResBonus	5	10	15	20										
4	Fire Aura	80	1	100	35	80	2	100	40	100	0	100	45	100	0	100	50	100	0	100	50	100	0	100	50	100	0	100	50	100	0	100	50	0	0	0	0	0	0	0	0	0	0	0	0	Duration	3600	3600	3600	0	DurationConst	0	0	0	0	SpcBonus	10	11	12	12															
5	Haste	60	1	80	25	60	2	100	30	60	3	100	35	100	0	100	40	100	0	100	50	100	0	100	50	100	0	100	50	100	0	100	50	0	0	0	0	0	0	0	0	0	0	0	0	Duration	60	60	180	240	DurationConst	3600	3600	3600	3600																				
6	Fireball	60	1	80	25	60	2	100	30	60	3	100	35	100	0	100	40	100	0	100	50	100	0	100	50	100	0	100	50	100	0	100	50	0	0	0	0	4	6	8	10	0	0	0	0																														
7	Fire Spike	60	1	80	25	60	2	100	30	60	3	100	35	100	0	100	40	100	0	100	50	100	0	100	50	100	0	100	50	100	0	100	50	0	0	0	0	4	6	8	10	0	0	0	0	Spikes	3	5	7	9																									
8	Immolation	40	1	60	15	40	2	80	20	40	3	100	25	40	4	100	30	100	0	100	50	100	0	100	50	100	0	100	50	100	0	100	50	0	0	0	0	6	8	10	12	0	0	0	0	Duration	10	30	60	600	DurationConst	300	900	1800	3600																				
9	Meteor Shower	40	1	60	15	40	2	80	20	40	3	100	25	40	4	100	30	100	0	100	50	100	0	100	50	100	0	100	50	100	0	100	50	0	0	0	0	1	2	3	4	20	20	20	20	Meteors	6	8	10	12																									
10	Inferno	40	1	60	15	40	2	80	20	40	3	100	25	40	4	100	30	100	0	100	50	100	0	100	50	100	0	100	50	100	0	100	50	2	3	4	5	0	0	0	0	25	25	25	25																														
11	Incinerate	20	1	40	5	20	2	60	10	20	3	80	15	20	4	100	20	100	0	100	50	100	0	100	50	100	0	100	50	100	0	100	50	0	0	0	0	20	20	20	20	20	20	20	20																														
12	Wizard Eye	80	1	100	35	80	2	100	40	100	0	100	45	100	0	100	50	100	0	100	50	100	0	100	50	100	0	100	50	100	0	100	50	0	0	0	0	0	0	0	0	0	0	0	0	Duration	3600	3600	3600	3600	DurationConst	0	0	0	0	BuffMastery	1	2	3	4															
13	Feather Fall	80	1	100	35	80	2	100	40	100	0	100	45	100	0	100	50	100	0	100	50	100	0	100	50	100	0	100	50	100	0	100	50	0	0	0	0	0	0	0	0	0	0	0	0	Duration	300	600	3600	3600	DurationConst	0	0	0	0																				
14	Air Resistance	80	1	100	35	80	2	100	40	100	0	100	45	100	0	100	50	100	0	100	50	100	0	100	50	100	0	100	50	100	0	100	50	0	0	0	0	0	0	0	0	0	0	0	0	Duration	3600	3600	3600	3600	DurationConst	0	0	0	0	ResPerLevel	1	2	3	4	ResBonus	5	10	15	20										
15	Sparks	80	1	100	35	80	2	100	40	100	0	100	45	100	0	100	50	100	0	100	50	100	0	100	50	100	0	100	50	100	0	100	50	0	0	0	0	1	1	1	1	3	4	5	6	Sparks	3	5	7	9																									
16	Jump	60	1	80	25	60	2	100	30	60	3	100	35	100	0	100	40	100	0	100	50	100	0	100	50	100	0	100	50	100	0	100	50	0	0	0	0	0	0	0	0	0	0	0	0	SpeedZ	750	1000	1000	1250																									
17	Shield	60	1	80	25	60	2	100	30	60	3	100	35	100	0	100	40	100	0	100	50	100	0	100	50	100	0	100	50	100	0	100	50	0	0	0	0	0	0	0	0	0	0	0	0	Duration	300	300	900	3600	DurationConst	3600	3600	3600	3600																				
18	Lightning Bolt	60	1	80	25	60	2	100	30	60	3	100	35	100	0	100	40	100	0	100	50	100	0	100	50	100	0	100	50	100	0	100	50	0	0	0	0	8	10	12	14	0	0	0	0																														
19	Invisibility	40	1	60	15	40	2	80	20	40	3	100	25	40	4	100	30	100	0	100	50	100	0	100	50	100	0	100	50	100	0	100	50	0	0	0	0	0	0	0	0	0	0	0	0	Duration	360	480	600	720	DurationConst	0	0	0	0	PowerPerLevel	1	2	3	4															
20	Implosion	40	1	60	15	40	2	80	20	40	3	100	25	40	4	100	30	100	0	100	50	100	0	100	50	100	0	100	50	100	0	100	50	0	0	0	0	10	12	14	16	10	12	14	16																														
21	Fly	40	1	60	15	40	2	80	20	40	3	100	25	40	4	100	30	100	0	100	50	100	0	100	50	100	0	100	50	100	0	100	50	0	0	0	0	0	0	0	0	0	0	0	0	Duration	300	600	3600	3600	DurationConst	0	0	0	0	SPCost5Min	1	1	1	0															
22	Starburst	20	1	40	5	20	2	60	10	20	3	80	15	20	4	100	20	100	0	100	50	100	0	100	50	100	0	100	50	100	0	100	50	0	0	0	0	2	3	4	5	25	25	25	25	Stars	8	12	16	20																									
23	Awaken	80	1	100	35	80	2	100	40	100	0	100	45	100	0	100	50	100	0	100	50	100	0	100	50	100	0	100	50	100	0	100	50	0	0	0	0	0	0	0	0	0	0	0	0	CondDuration	180	3600	86400	0	CondDurationConst	0	0	0	0																				
24	Poison Spray	80	1	100	35	80	2	100	40	100	0	100	45	100	0	100	50	100	0	100	50	100	0	100	50	100	0	100	50	100	0	100	50	0	0	0	0	2	2	2	2	2	2	2	2	Shots	1	3	5	7																									
25	Water Resistance	80	1	100	35	80	2	100	40	100	0	100	45	100	0	100	50	100	0	100	50	100	0	100	50	100	0	100	50	100	0	100	50	0	0	0	0	0	0	0	0	0	0	0	0	Duration	3600	3600	3600	3600	DurationConst	0	0	0	0	ResPerLevel	1	2	3	4	ResBonus	5	10	15	20										
26	Ice Bolt	80	1	100	35	80	2	100	40	100	0	100	45	100	0	100	50	100	0	100	50	100	0	100	50	100	0	100	50	100	0	100	50	0	0	0	0	5	6	7	8	0	0	0	0																														
27	Water Walk	60	1	80	25	60	2	100	30	60	3	100	35	100	0	100	40	100	0	100	50	100	0	100	50	100	0	100	50	100	0	100	50	0	0	0	0	0	0	0	0	0	0	0	0	Duration	300	600	3600	3600	DurationConst	0	0	0	0	SPCost20Min	1	1	1	0															
28	Recharge Item	60	1	80	25	60	2	100	30	60	3	100	35	100	0	100	40	100	0	100	50	100	0	100	50	100	0	100	50	100	0	100	50	0	0	0	0	0	0	0	0	0	0	0	0	PercentConst	30	50	70	80	PercentPerLevel	1	1	1	1																				
29	Acid Burst	60	1	80	25	60	2	100	30	60	3	100	35	100	0	100	40	100	0	100	50	100	0	100	50	100	0	100	50	100	0	100	50	0	0	0	0	7	9	11	13	7	9	11	13																														
30	Enchant Item	40	1	60	15	40	2	80	20	40	3	100	25	40	4	100	30	100	0	100	50	100	0	100	50	100	0	100	50	100	0	100	50	0	0	0	0	0	0	0	0	0	0	0	0	NonWeaponValue	0	0	0	0	WeaponValue	0	0	0	0	StdBonusMinStrength	0	0	0	0	StdBonusMaxStrength	0	0	0	0	SpcBonusMinLvl	0	0	0	0	SpcBonusMaxLvl	0	0	0	0
31	Town Portal	40	1	60	15	40	2	80	20	40	3	100	25	40	4	100	30	0	10	100	50	0	10	100	50	0	10	100	50	0	10	100	50	0	0	0	0	0	0	0	0	0	0	0	0	IgnoreMonsters	0	0	0	1																									
32	Ice Blast	40	1	60	15	40	2	80	20	40	3	100	25	40	4	100	30	100	0	100	50	100	0	100	50	100	0	100	50	100	0	100	50	0	0	0	0	5	6	7	8	20	20	20	20																														
33	Lloyd's Beacon	20	1	40	5	20	2	60	10	20	3	80	15	20	4	100	20	100	0	100	50	100	0	100	50	100	0	100	50	100	0	100	50	0	0	0	0	0	0	0	0	0	0	0	0	Duration	3600	21600	86400	604800	DurationConst	0	0	0	0	Slots	1	2	3	5															
34	Stun	80	1	100	35	80	2	100	40	100	0	100	45	100	0	100	50	100	0	100	50	100	0	100	50	100	0	100	50	100	0	100	50	0	0	0	0	0	0	0	0	0	0	0	0																														
35	Slow	80	1	100	35	80	2	100	40	100	0	100	45	100	0	100	50	100	0	100	50	100	0	100	50	100	0	100	50	100	0	100	50	0	0	0	0	0	0	0	0	0	0	0	0	Duration	180	300	300	300	DurationConst	0	0	0	0	Divisor	2	2	4	8															
36	Earth Resistance	80	1	100	35	80	2	100	40	100	0	100	45	100	0	100	50	100	0	100	50	100	0	100	50	100	0	100	50	100	0	100	50	0	0	0	0	0	0	0	0	0	0	0	0	Duration	3600	3600	3600	3600	DurationConst	0	0	0	0	ResPerLevel	1	2	3	4	ResBonus	5	10	15	20										
37	Deadly Swarm	80	1	100	35	80	2	100	40	100	0	100	45	100	0	100	50	100	0	100	50	100	0	100	50	100	0	100	50	100	0	100	50	0	0	0	0	4	5	6	6	4	6	8	10																														
38	Stone Skin	60	1	80	25	60	2	100	30	60	3	100	35	100	0	100	40	100	0	100	50	100	0	100	50	100	0	100	50	100	0	100	50	0	0	0	0	0	0	0	0	0	0	0	0	Duration	300	300	900	3600	DurationConst	3600	3600	3600	3600	ArmorPerLevel	1	1	1	1	ArmorBonus	5	10	15	20										
39	Blades	60	1	80	25	60	2	100	30	60	3	100	35	100	0	100	40	100	0	100	50	100	0	100	50	100	0	100	50	100	0	100	50	0	0	0	0	7	9	11	13	0	0	0	0																														
40	Stone to Flesh	60	1	80	25	60	2	100	30	60	3	100	35	100	0	100	40	100	0	100	50	100	0	100	50	100	0	100	50	100	0	100	50	0	0	0	0	0	0	0	0	0	0	0	0	CondDuration	180	3600	86400	0	CondDurationConst	0	0	0	0																				
41	Rock Blast	40	1	60	15	40	2	80	20	40	3	100	25	40	4	100	30	100	0	100	50	100	0	100	50	100	0	100	50	100	0	100	50	0	0	0	0	7	9	11	13	7	9	11	13																														
42	Telekinesis	40	1	60	15	40	2	80	20	40	3	100	25	40	4	100	30	100	0	100	50	100	0	100	50	100	0	100	50	100	0	100	50	0	0	0	0	0	0	0	0	0	0	0	0																														
43	Death Blossom	40	1	60	15	40	2	80	20	40	3	100	25	40	4	100	30	100	0	100	50	100	0	100	50	100	0	100	50	100	0	100	50	2	3	4	5	0	0	0	0	20	20	20	20																														
44	Mass Distortion	20	1	40	5	20	2	60	10	20	3	80	15	20	4	100	20	100	0	100	50	100	0	100	50	100	0	100	50	100	0	100	50	0	0	0	0	0	0	0	0	0	0	0	0	PercentPerLevel	1	2	2	2	PercentConst	25	25	25	25	PercentLimit	30	40	50	0															
45	Detect Life	80	1	100	35	80	2	100	40	100	0	100	45	100	0	100	50	100	0	100	50	100	0	100	50	100	0	100	50	100	0	100	50	0	0	0	0	0	0	0	0	0	0	0	0	Duration	600	1800	3600	3600	DurationConst	0	0	0	0																				
46	Bless	80	1	100	35	80	2	100	40	100	0	100	45	100	0	100	50	100	0	100	50	100	0	100	50	100	0	100	50	100	0	100	50	0	0	0	0	0	0	0	0	0	0	0	0	Duration	300	300	900	3600	DurationConst	3600	3600	3600	3600	ToHitPerLevel	1	1	1	1	ToHitBonus	5	10	15	20										
47	Fate	80	1	100	35	80	2	100	40	100	0	100	45	100	0	100	50	100	0	100	50	100	0	100	50	100	0	100	50	100	0	100	50	0	0	0	0	0	0	0	0	0	0	0	0	Duration	0	0	0	0	DurationConst	300	300	300	300	ToHitPerLevel	1	2	4	6	ToHitConst	0	0	0	0										
48	Turn Undead	80	1	100	35	80	2	100	40	100	0	100	45	100	0	100	50	100	0	100	50	100	0	100	50	100	0	100	50	100	0	100	50	0	0	0	0	0	0	0	0	0	0	0	0	Duration	60	180	300	300	DurationConst	180	180	180	180																				
49	Remove Curse	60	1	80	25	60	2	100	30	60	3	100	35	100	0	100	40	100	0	100	50	100	0	100	50	100	0	100	50	100	0	100	50	0	0	0	0	0	0	0	0	0	0	0	0	CondDuration	180	3600	86400	0	CondDurationConst	0	0	0	0																				
50	Preservation	60	1	80	25	60	2	100	30	60	3	100	35	100	0	100	40	100	0	100	50	100	0	100	50	100	0	100	50	100	0	100	50	0	0	0	0	0	0	0	0	0	0	0	0	Duration	60	300	300	900	DurationConst	1800	3600	3600	3600																				
51	Heroism	60	1	80	25	60	2	100	30	60	3	100	35	100	0	100	40	100	0	100	50	100	0	100	50	100	0	100	50	100	0	100	50	0	0	0	0	0	0	0	0	0	0	0	0	Duration	300	300	900	3600	DurationConst	3600	3600	3600	3600	DamagePerLevel	1	1	1	1	DamageBonus	5	10	15	20										
52	Spirit Lash	40	1	60	15	40	2	80	20	40	3	100	25	40	4	100	30	100	0	100	50	100	0	100	50	100	0	100	50	100	0	100	50	1	2	3	4	7	7	7	6	20	20	20	20	Radius	256	256	256	512																									
53	Raise Dead	40	1	60	15	40	2	80	20	40	3	100	25	40	4	100	30	100	0	100	50	100	0	100	50	100	0	100	50	100	0	100	50	0	0	0	0	0	0	0	0	0	0	0	0	CondDuration	180	3600	86400	0	CondDurationConst	0	0	0	0																				
54	Shared Life	40	1	60	15	40	2	80	20	40	3	100	25	40	4	100	30	100	0	100	50	100	0	100	50	100	0	100	50	100	0	100	50	0	0	0	0	0	0	0	0	0	0	0	0	BonusHPPerLevel	1	2	3	4																									
55	Resurrection	20	1	40	5	20	2	60	10	20	3	80	15	20	4	100	20	100	0	100	50	100	0	100	50	100	0	100	50	100	0	100	50	0	0	0	0	0	0	0	0	0	0	0	0	CondDuration	180	3600	86400	0	CondDurationConst	0	0	0	0																				
56	Telepathy	80	1	100	35	80	2	100	40	100	0	100	45	100	0	100	50	100	0	100	50	100	0	100	50	100	0	100	50	100	0	100	50	0	0	0	0	0	0	0	0	0	0	0	0																														
57	Remove Fear	80	1	100	35	80	2	100	40	100	0	100	45	100	0	100	50	100	0	100	50	100	0	100	50	100	0	100	50	100	0	100	50	0	0	0	0	0	0	0	0	0	0	0	0	CondDuration	180	3600	86400	0	CondDurationConst	0	0	0	0																				
58	Mind Resistance	80	1	100	35	80	2	100	40	100	0	100	45	100	0	100	50	100	0	100	50	100	0	100	50	100	0	100	50	100	0	100	50	0	0	0	0	0	0	0	0	0	0	0	0	Duration	3600	3600	3600	3600	DurationConst	0	0	0	0	ResPerLevel	1	2	3	4	ResBonus	5	10	15	20										
59	Mind Blast	80	1	100	35	80	2	100	40	100	0	100	45	100	0	100	50	100	0	100	50	100	0	100	50	100	0	100	50	100	0	100	50	1	2	3	4	3	3	3	3	3	3	3	3																														
60	Charm	60	1	80	25	60	2	100	30	60	3	100	35	100	0	100	40	100	0	100	50	100	0	100	50	100	0	100	50	100	0	100	50	0	0	0	0	0	0	0	0	0	0	0	0	Duration	150	300	600	0	DurationConst	0	0	0	29030400																				
61	Cure Paralysis	60	1	80	25	60	2	100	30	60	3	100	35	100	0	100	40	100	0	100	50	100	0	100	50	100	0	100	50	100	0	100	50	0	0	0	0	0	0	0	0	0	0	0	0	CondDuration	180	3600	86400	0	CondDurationConst	0	0	0	0																				
62	Berserk	60	1	80	25	60	2	100	30	60	3	100	35	100	0	100	40	100	0	100	50	100	0	100	50	100	0	100	50	100	0	100	50	0	0	0	0	0	0	0	0	0	0	0	0	Duration	60	300	600	3600	DurationConst	0	0	0	0																				
63	Mass Fear	40	1	60	15	40	2	80	20	40	3	100	25	40	4	100	30	100	0	100	50	100	0	100	50	100	0	100	50	100	0	100	50	0	0	0	0	0	0	0	0	0	0	0	0	Duration	60	120	180	300	DurationConst	0	0	0	0																				
64	Cure Insanity	40	1	60	15	40	2	80	20	40	3	100	25	40	4	100	30	100	0	100	50	100	0	100	50	100	0	100	50	100	0	100	50	0	0	0	0	0	0	0	0	0	0	0	0	CondDuration	180	3600	86400	0	CondDurationConst	0	0	0	0																				
65	Psychic Shock	40	1	60	15	40	2	80	20	40	3	100	25	40	4	100	30	100	0	100	50	100	0	100	50	100	0	100	50	100	0	100	50	3	4	5	6	5	6	7	8	12	12	12	12																														
66	Enslave	20	1	40	5	20	2	60	10	20	3	80	15	20	4	100	20	100	0	100	50	100	0	100	50	100	0	100	50	100	0	100	50	0	0	0	0	0	0	0	0	0	0	0	0	Duration	60	120	180	600	DurationConst	0	0	0	0																				
67	Cure Weakness	80	1	100	35	80	2	100	40	100	0	100	45	100	0	100	50	100	0	100	50	100	0	100	50	100	0	100	50	100	0	100	50	0	0	0	0	0	0	0	0	0	0	0	0	CondDuration	180	3600	86400	0	CondDurationConst	0	0	0	0																				
68	Heal	80	1	100	35	80	2	100	40	100	0	100	45	100	0	100	50	100	0	100	50	100	0	100	50	100	0	100	50	100	0	100	50	0	0	0	0	0	0	0	0	0	0	0	0	HPPerLevel	4	6	8	10	HPBonus	5	10	15	20																				
69	Body Resistance	80	1	100	35	80	2	100	40	100	0	100	45	100	0	100	50	100	0	100	50	100	0	100	50	100	0	100	50	100	0	100	50	0	0	0	0	0	0	0	0	0	0	0	0	Duration	3600	3600	3600	3600	DurationConst	0	0	0	0	ResPerLevel	1	2	3	4	ResBonus	5	10	15	20										
70	Harm	80	1	100	35	80	2	100	40	100	0	100	45	100	0	100	50	100	0	100	50	100	0	100	50	100	0	100	50	100	0	100	50	0	1	2	3	2	2	2	2	8	8	8	8																														
71	Regeneration	60	1	80	25	60	2	100	30	60	3	100	35	100	0	100	40	100	0	100	50	100	0	100	50	100	0	100	50	100	0	100	50	0	0	0	0	0	0	0	0	0	0	0	0	Duration	3600	3600	3600	3600	DurationConst	0	0	0	0	Power	1	2	3	4															
72	Cure Poison	60	1	80	25	60	2	100	30	60	3	100	35	100	0	100	40	100	0	100	50	100	0	100	50	100	0	100	50	100	0	100	50	0	0	0	0	0	0	0	0	0	0	0	0	CondDuration	180	3600	86400	0	CondDurationConst	0	0	0	0																				
73	Hammerhands	60	1	80	25	60	2	100	30	60	3	100	35	100	0	100	40	100	0	100	50	100	0	100	50	100	0	100	50	100	0	100	50	0	0	0	0	0	0	0	0	0	0	0	0	Duration	300	600	3600	3600	DurationConst	0	0	0	0																				
74	Cure Disease	40	1	60	15	40	2	80	20	40	3	100	25	40	4	100	30	100	0	100	50	100	0	100	50	100	0	100	50	100	0	100	50	0	0	0	0	0	0	0	0	0	0	0	0	CondDuration	180	3600	86400	0	CondDurationConst	0	0	0	0																				
75	Protection from Magic	40	1	60	15	40	2	80	20	40	3	100	25	40	4	100	30	100	0	100	50	100	0	100	50	100	0	100	50	100	0	100	50	0	0	0	0	0	0	0	0	0	0	0	0	Duration	600	1800	3600	3600	DurationConst	0	0	0	0	CountPerLevel	1	1	1	1	CountBonus	0	0	0	0	Power	1	2	3	4					
76	Flying Fist	40	1	60	15	40	2	80	20	40	3	100	25	40	4	100	30	100	0	100	50	100	0	100	50	100	0	100	50	100	0	100	50	4	5	6	7	6	7	8	9	20	20	20	20																														
77	Power Cure	20	1	40	5	20	2	60	10	20	3	80	15	20	4	100	20	100	0	100	50	100	0	100	50	100	0	100	50	100	0	100	50	0	0	0	0	0	0	0	0	0	0	0	0	HPPerLevel	2	4	6	10	HPBonus	10	20	30	50																				
78	Light Bolt	80	1	100	35	80	2	100	40	100	0	100	45	100	0	100	50	100	0	100	50	100	0	100	50	100	0	100	50	100	0	100	50	0	1	2	3	8	7	6	5	0	0	0	0																														
79	Destroy Undead	80	1	100	35	80	2	100	40	100	0	100	45	100	0	100	50	100	0	100	50	100	0	100	50	100	0	100	50	100	0	100	50	0	0	0	0	16	16	16	16	16	16	16	16																														
80	Dispel Magic	80	1	100	35	80	2	100	40	100	0	100	45	100	0	100	50	100	0	100	50	100	0	100	50	100	0	100	50	100	0	100	50	0	0	0	0	0	0	0	0	0	0	0	0																														
81	Paralyze	80	1	100	35	80	2	100	40	100	0	100	45	100	0	100	50	100	0	100	50	100	0	100	50	100	0	100	50	100	0	100	50	0	0	0	0	0	0	0	0	0	0	0	0	Duration	180	180	180	180	DurationConst	0	0	0	0																				
82	Summon Wisp	60	1	80	25	60	2	100	30	60	3	100	35	100	0	100	40	100	0	100	50	100	0	100	50	100	0	100	50	100	0	100	50	0	0	0	0	0	0	0	0	0	0	0	0	Duration	60	300	900	900	DurationConst	0	0	0	0	FamiliarType	0	0	0	0	FamiliarCount	1	1	3	5										
83	Day of the Gods	60	1	80	25	60	2	100	30	60	3	100	35	100	0	100	40	100	0	100	50	100	0	100	50	100	0	100	50	100	0	100	50	0	0	0	0	0	0	0	0	0	0	0	0	Duration	7200	10800	14400	18000	DurationConst	0	0	0	0	StatPerLevel	2	3	4	5	StatBonus	10	15	20	25										
84	Prismatic Light	60	1	80	25	60	2	100	30	60	3	100	35	100	0	100	40	100	0	100	50	100	0	100	50	100	0	100	50	100	0	100	50	2	3	4	5	0	0	0	0	25	25	25	25																														
85	Day of Protection	40	1	60	15	40	2	80	20	40	3	100	25	40	4	100	30	100	0	100	50	100	0	100	50	100	0	100	50	100	0	100	50	0	0	0	0	0	0	0	0	0	0	0	0	Duration	7200	10800	14400	18000	DurationConst	0	0	0	0	ResPerLevel	2	3	4	5	ResBonus	5	10	15	20										
86	Hour of Power	40	1	60	15	40	2	80	20	40	3	100	25	40	4	100	30	100	0	100	50	100	0	100	50	100	0	100	50	100	0	100	50	0	0	0	0	0	0	0	0	0	0	0	0	Duration1	1800	2700	3600	4500	Duration1Const	60	60	60	60	Duration2	480	720	960	1200	Duration2Const	3600	3600	3600	3600	AttrPerLevel	1	1	1	1	AttrBonus	5	10	15	20
87	Sunray	40	1	60	15	40	2	80	20	40	3	100	25	40	4	100	30	100	0	100	50	100	0	100	50	100	0	100	50	100	0	100	50	10	15	20	25	0	0	0	0	10	15	20	25																														
88	Divine Intervention	20	1	40	5	20	2	60	10	20	3	80	15	20	4	100	20	100	0	100	50	100	0	100	50	100	0	100	50	100	0	100	50	0	0	0	0	0	0	0	0	0	0	0	0	CastsPerDay	1	2	3	3	Aging	10	10	10	10																				
89	Reanimate	80	1	100	35	80	2	100	40	100	0	100	45	100	0	100	50	100	0	100	50	100	0	100	50	100	0	100	50	100	0	100	50	0	0	0	0	0	0	0	0	0	0	0	0	MaxLevelPerLevel	2	3	4	5	MaxLevelBonus	0	0	0	0	HPPerLevel	40	60	80	100	HPBonus	0	0	0	0										
90	Toxic Cloud	80	1	100	35	80	2	100	40	100	0	100	45	100	0	100	50	100	0	100	50	100	0	100	50	100	0	100	50	100	0	100	50	0	0	0	0	10	10	10	10	25	25	25	25																														
91	Vampiric Weapon	80	1	100	35	80	2	100	40	100	0	100	45	100	0	100	50	100	0	100	50	100	0	100	50	100	0	100	50	100	0	100	50	0	0	0	0	0	0	0	0	0	0	0	0	Duration	3600	3600	3600	0	DurationConst	0	0	0	0	SpcBonus	16	16	16	16															
92	Shrinking Ray	80	1	100	35	80	2	100	40	100	0	100	45	100	0	100	50	100	0	100	50	100	0	100	50	100	0	100	50	100	0	100	50	0	0	0	0	0	0	0	0	0	0	0	0																														
93	Shrapmetal	60	1	80	25	60	2	100	30	60	3	100	35	100	0	100	40	100	0	100	50	100	0	100	50	100	0	100	50	100	0	100	50	0	0	0	0	5	6	7	8	0	0	0	0	Fragments	3	5	7	9																									
94	Control Undead	60	1	80	25	60	2	100	30	60	3	100	35	100	0	100	40	100	0	100	50	100	0	100	50	100	0	100	50	100	0	100	50	0	0	0	0	0	0	0	0	0	0	0	0	Duration	150	300	600	0	DurationConst	0	0	0	29030400																				
95	Pain Reflection	60	1	80	25	60	2	100	30	60	3	100	35	100	0	100	40	100	0	100	50	100	0	100	50	100	0	100	50	100	0	100	50	0	0	0	0	0	0	0	0	0	0	0	0	Duration	60	300	300	900	DurationConst	1800	3600	3600	3600	PowerPerLevel	1	1	1	1	PowerBonus	5	10	15	20										
96	Dark Grasp	40	1	60	15	40	2	80	20	40	3	100	25	40	4	100	30	100	0	100	50	100	0	100	50	100	0	100	50	100	0	100	50	0	0	0	0	0	0	0	0	0	0	0	0																														
97	Dragon Breath	40	1	60	15	40	2	80	20	40	3	100	25	40	4	100	30	100	0	100	50	100	0	100	50	100	0	100	50	100	0	100	50	9	14	19	24	21	16	11	6	0	0	0	0																														
98	Armageddon	40	1	60	15	40	2	80	20	40	3	100	25	40	4	100	30	100	0	100	50	100	0	100	50	100	0	100	50	100	0	100	50	0	0	0	0	0	0	0	0	333	444	555	666	CastsPerDay	1	2	3	4																									
99	Souldrinker	20	1	40	5	20	2	60	10	20	3	80	15	20	4	100	20	100	0	100	50	100	0	100	50	100	0	100	50	100	0	100	50	7	9	11	13	0	0	0	0	25	25	25	25	HealPerLevel	7	9	11	13	HealBonus	25	25	25	25																				
100	Glamour	100	0	100	100	100	0	100	100	100	0	100	100	100	0	100	100	100	0	100	100	100	0	100	100	100	0	100	100	100	0	100	100	0	0	0	0	0	0	0	0	0	0	0	0	Duration	300	900	3600	7200	DurationConst	0	0	0	0	PowerPerLevel	0.5	0.5	0.5	0.5	PowerBonus	2.5	2.5	2.5	2.5										
101	Travelers' Boon	100	0	100	100	100	0	100	100	100	0	100	100	100	0	100	100	100	0	100	100	100	0	100	100	100	0	100	100	100	0	100	100	0	0	0	0	0	0	0	0	0	0	0	0	Duration	600	1800	3600	7200	DurationConst	0	0	0	0	BuffMastery	2	2	3	4															
102	Blind	100	0	100	100	100	0	100	100	100	0	100	100	100	0	100	100	100	0	100	100	100	0	100	100	100	0	100	100	100	0	100	100	0	0	0	0	0	0	0	0	0	0	0	0																														
103	Darkfire Bolt	100	0	100	100	100	0	100	100	100	0	100	100	100	0	100	100	100	0	100	100	100	0	100	100	100	0	100	100	100	0	100	100	0	0	0	0	17	17	17	17	0	0	0	0																														
104	Unused!!!	100	0	100	100	100	0	100	100	100	0	100	100	100	0	100	100	100	0	100	100	100	0	100	100	100	0	100	100	100	0	100	100	0	0	0	0	0	0	0	0	0	0	0	0																														
105	Unused!!!	100	0	100	100	100	0	100	100	100	0	100	100	100	0	100	100	100	0	100	100	100	0	100	100	100	0	100	100	100	0	100	100	0	0	0	0	0	0	0	0	0	0	0	0																														
106	Unused!!!	100	0	100	100	100	0	100	100	100	0	100	100	100	0	100	100	100	0	100	100	100	0	100	100	100	0	100	100	100	0	100	100	0	0	0	0	0	0	0	0	0	0	0	0																														
107	Unused!!!	100	0	100	100	100	0	100	100	100	0	100	100	100	0	100	100	100	0	100	100	100	0	100	100	100	0	100	100	100	0	100	100	0	0	0	0	0	0	0	0	0	0	0	0																														
108	Unused!!!	100	0	100	100	100	0	100	100	100	0	100	100	100	0	100	100	100	0	100	100	100	0	100	100	100	0	100	100	100	0	100	100	0	0	0	0	0	0	0	0	0	0	0	0																														
109	Unused!!!	100	0	100	100	100	0	100	100	100	0	100	100	100	0	100	100	100	0	100	100	100	0	100	100	100	0	100	100	100	0	100	100	0	0	0	0	0	0	0	0	0	0	0	0																														
110	Unused!!!	100	0	100	100	100	0	100	100	100	0	100	100	100	0	100	100	100	0	100	100	100	0	100	100	100	0	100	100	100	0	100	100	0	0	0	0	0	0	0	0	0	0	0	0																														
111	Lifedrain	100	0	100	100	100	0	100	100	100	0	100	100	100	0	100	100	100	0	100	100	100	0	100	100	100	0	100	100	100	0	100	100	0	0	0	0	3	3	5	7	3	3	5	7																														
112	Levitate	100	0	100	100	100	0	100	100	100	0	100	100	100	0	100	100	100	0	100	100	100	0	100	100	100	0	100	100	100	0	100	100	0	0	0	0	0	0	0	0	0	0	0	0	Duration	180	600	3600	10800	DurationConst	0	0	0	0																				
113	Charm	100	0	100	100	100	0	100	100	100	0	100	100	100	0	100	100	100	0	100	100	100	0	100	100	100	0	100	100	100	0	100	100	0	0	0	0	0	0	0	0	0	0	0	0																														
114	Mistform	100	0	100	100	100	0	100	100	100	0	100	100	100	0	100	100	100	0	100	100	100	0	100	100	100	0	100	100	100	0	100	100	0	0	0	0	0	0	0	0	0	0	0	0	Duration	10	30	60	600	DurationConst	0	0	0	0																				
115	Unused!!!	100	0	100	100	100	0	100	100	100	0	100	100	100	0	100	100	100	0	100	100	100	0	100	100	100	0	100	100	100	0	100	100	0	0	0	0	0	0	0	0	0	0	0	0																														
116	Unused!!!	100	0	100	100	100	0	100	100	100	0	100	100	100	0	100	100	100	0	100	100	100	0	100	100	100	0	100	100	100	0	100	100	0	0	0	0	0	0	0	0	0	0	0	0																														
117	Unused!!!	100	0	100	100	100	0	100	100	100	0	100	100	100	0	100	100	100	0	100	100	100	0	100	100	100	0	100	100	100	0	100	100	0	0	0	0	0	0	0	0	0	0	0	0																														
118	Unused!!!	100	0	100	100	100	0	100	100	100	0	100	100	100	0	100	100	100	0	100	100	100	0	100	100	100	0	100	100	100	0	100	100	0	0	0	0	0	0	0	0	0	0	0	0																														
119	Unused!!!	100	0	100	100	100	0	100	100	100	0	100	100	100	0	100	100	100	0	100	100	100	0	100	100	100	0	100	100	100	0	100	100	0	0	0	0	0	0	0	0	0	0	0	0																														
120	Unused!!!	100	0	100	100	100	0	100	100	100	0	100	100	100	0	100	100	100	0	100	100	100	0	100	100	100	0	100	100	100	0	100	100	0	0	0	0	0	0	0	0	0	0	0	0																														
121	Unused!!!	100	0	100	100	100	0	100	100	100	0	100	100	100	0	100	100	100	0	100	100	100	0	100	100	100	0	100	100	100	0	100	100	0	0	0	0	0	0	0	0	0	0	0	0																														
122	Fear	100	0	100	100	100	0	100	100	100	0	100	100	100	0	100	100	100	0	100	100	100	0	100	100	100	0	100	100	100	0	100	100	0	0	0	0	0	0	0	0	0	0	0	0	Duration	180	300	300	300	DurationConst	0	0	0	0	Radius	0	0	512	0	Range	0	0	0	4096										
123	Flame Blast	100	0	100	100	100	0	100	100	100	0	100	100	100	0	100	100	100	0	100	100	100	0	100	100	100	0	100	100	100	0	100	100	0	0	0	0	10	10	11	12	10	10	11	12																														
124	Flight	100	0	100	100	100	0	100	100	100	0	100	100	100	0	100	100	100	0	100	100	100	0	100	100	100	0	100	100	100	0	100	100	0	0	0	0	0	0	0	0	0	0	0	0	Duration	300	600	3600	3600	DurationConst	0	0	0	0	SPCost5Min	1	1	1	0															
125	Wing Buffet	100	0	100	100	100	0	100	100	100	0	100	100	100	0	100	100	100	0	100	100	100	0	100	100	100	0	100	100	100	0	100	100	0	0	0	0	0	0	0	0	0	0	0	0	Range	512	768	1024	2048																									
126	Unused!!!	100	0	100	100	100	0	100	100	100	0	100	100	100	0	100	100	100	0	100	100	100	0	100	100	100	0	100	100	100	0	100	100	0	0	0	0	0	0	0	0	0	0	0	0																														
127	Unused!!!	100	0	100	100	100	0	100	100	100	0	100	100	100	0	100	100	100	0	100	100	100	0	100	100	100	0	100	100	100	0	100	100	0	0	0	0	0	0	0	0	0	0	0	0																														
128	Unused!!!	100	0	100	100	100	0	100	100	100	0	100	100	100	0	100	100	100	0	100	100	100	0	100	100	100	0	100	100	100	0	100	100	0	0	0	0	0	0	0	0	0	0	0	0																														
129	Unused!!!	100	0	100	100	100	0	100	100	100	0	100	100	100	0	100	100	100	0	100	100	100	0	100	100	100	0	100	100	100	0	100	100	0	0	0	0	0	0	0	0	0	0	0	0																														
130	Unused!!!	100	0	100	100	100	0	100	100	100	0	100	100	100	0	100	100	100	0	100	100	100	0	100	100	100	0	100	100	100	0	100	100	0	0	0	0	0	0	0	0	0	0	0	0																														
131	Unused!!!	100	0	100	100	100	0	100	100	100	0	100	100	100	0	100	100	100	0	100	100	100	0	100	100	100	0	100	100	100	0	100	100	0	0	0	0	0	0	0	0	0	0	0	0																														
132	Unused!!!	100	0	100	100	100	0	100	100	100	0	100	100	100	0	100	100	100	0	100	100	100	0	100	100	100	0	100	100	100	0	100	100	0	0	0	0	0	0	0	0	0	0	0	0																														
133	Arrow	100	0	100	100	100	0	100	100	100	0	100	100	100	0	100	100	100	0	100	100	100	0	100	100	100	0	100	100	100	0	100	100																																										
134	FireArrow	100	0	100	100	100	0	100	100	100	0	100	100	100	0	100	100	100	0	100	100	100	0	100	100	100	0	100	100	100	0	100	100																																										
135	Blaster	100	0	100	100	100	0	100	100	100	0	100	100	100	0	100	100	100	0	100	100	100	0	100	100	100	0	100	100	100	0	100	100																																										
136	Cannonball	100	0	100	100	100	0	100	100	100	0	100	100	100	0	100	100	100	0	100	100	100	0	100	100	100	0	100	100	100	0	100	100	0	0	0	0	4	6	8	10	0	0	0	0																														
137	Dragon	100	0	100	100	100	0	100	100	100	0	100	100	100	0	100	100	100	0	100	100	100	0	100	100	100	0	100	100	100	0	100	100	0	0	0	0	10	10	10	10	10	10	10	10																														